time,x,y,z,phi,theta,psi,x_velocity,y_velocity,z_velocity,phi_velocity,theta_velocity,psi_velocity,rotor_speed1,rotor_speed2,rotor_speed3,rotor_speed4
0.06,-1.31261166965e-07,-6.50108663373e-08,10.0024334609,6.28287571854,0.000145034428228,0.0,-1.19590485485e-05,-1.47687119845e-05,0.081112368671,-0.018257748178,0.00685988959193,0.0,430.2579237722193,430.83815712290937,431.9535321241266,430.4114572192415
0.12000000000000001,-6.12478732031e-06,-1.29109611014e-05,10.0139767334,6.28216053526,0.00033485111268,0.0,-0.000225481611759,-0.000519407195444,0.303629987561,-0.00156571724667,-0.00550325111522,0.0,474.83563188371795,473.8863746498442,473.40196597206557,474.6845073207813
0.18,-2.54545932719e-05,-6.66169284926e-05,10.0360741863,6.28184959644,6.28295014907,0.0,-0.000372586322328,-0.00129098778179,0.432911003382,-0.01362842327,-0.0190154951114,0.0,446.96941715078617,445.86713916800585,446.4945445689269,445.5095827593913
0.23999999999999996,-3.92175911993e-05,-0.000172783083667,10.0636701602,6.2809759433,6.281413554,0.0,3.63079313727e-05,-0.0023282949092,0.486932694414,-0.0164941696367,-0.0439966787647,0.0,422.8046930749814,420.64699147423784,422.9331492682803,422.6863870961372
0.3,1.2994190129e-05,-0.000365559787545,10.0973727836,6.27973839625,6.27837265787,0.0,0.00200856994716,-0.00421738006841,0.636415088558,-0.0305297748815,-0.0694396231292,0.0,452.8736828150857,450.82105743450995,453.91411280856624,452.7865198350161
0.36000000000000004,0.000237869406192,-0.000689731632512,10.1366694082,6.27760430015,6.27463195396,0.0,0.00585094971916,-0.00676961474583,0.67344803773,-0.048263025754,-0.050996407454,0.0,415.8095780564232,417.41870011708664,417.9158043619,416.3667460705185
0.4200000000000001,0.000771650809322,-0.00121840487761,10.1794514201,6.27477211952,6.27155007351,0.0,0.0122450565678,-0.0111357160168,0.752564997478,-0.0451637122934,-0.0521112924463,0.0,431.5369671415715,431.44108093245126,429.8179349511158,430.07905752243164
0.48000000000000015,0.00177677217948,-0.00208267573077,10.229120684,6.27303367999,6.26878262337,0.0,0.0215779889849,-0.0179032430456,0.902963734889,-0.0080673201324,-0.0362498839877,0.0,452.2207402095532,453.495133407185,452.1187044827625,455.09680822463235
0.5400000000000001,0.00334668946899,-0.00334735405188,10.2842316618,6.27228272854,6.26666441515,0.0,0.0309491937378,-0.0243073303281,0.934040031392,-0.0233620382875,-0.0334752198835,0.0,414.2804419994328,414.52366768618907,416.934986976034,415.59682087117994
0.6000000000000002,0.00559771354572,-0.00506572089701,10.3459543951,6.27032805343,6.26485771864,0.0,0.0443009912863,-0.0331451106143,1.12321146609,-0.0665359900889,-0.0241155134734,0.0,464.61923212593643,465.3521119689929,467.2524139561912,463.87405178647754
0.6600000000000003,0.00862149284214,-0.00732209551743,10.4153688456,6.2660244576,6.26369294674,0.0,0.0566158538561,-0.0424667182336,1.19052700579,-0.0849162577657,-0.0113634384786,0.0,427.281949716538,428.36759557582,428.45317072503514,426.8834526042445
0.7200000000000003,0.012414141428,-0.0102351838149,10.4893054766,6.2609417118,6.26269699118,0.0,0.0698844894821,-0.055141153147,1.27392594941,-0.0843081260303,-0.0299484353126,0.0,433.7246993979183,432.16120294875475,433.26274511431274,433.307776384618
0.7800000000000004,0.0170995168635,-0.014092417269,10.5717471206,6.25566778061,6.26129536881,0.0,0.0864734826193,-0.0740297174716,1.47387303184,-0.0962664826948,-0.0126727131969,0.0,468.5887918784923,469.92963326361223,469.7192401582299,468.7850005981076
0.8400000000000004,0.0227452328106,-0.0191287729862,10.6633097746,6.24967990639,6.26115068414,0.0,0.101754621799,-0.0944472813453,1.57805689529,-0.108002197439,0.0127331423815,0.0,440.41284280406563,442.5090394053711,440.0874507062309,439.1062749678141
0.9000000000000005,0.0292929350452,-0.0254971672135,10.7605409166,6.24325010738,6.26201245703,0.0,0.116417730847,-0.118472319819,1.66283818989,-0.105537595962,0.0174377969534,0.0,434.18717917534235,434.581569438299,434.9416570800321,435.1376469028612
0.9600000000000005,0.0366907814386,-0.0334155129387,10.8623418064,6.23675681285,6.26252466722,0.0,0.130085668384,-0.146091360566,1.7303977332,-0.114211424406,-0.0226731787757,0.0,431.6859388677932,428.2881414923682,429.3486704008268,428.60135460477085
1.0200000000000005,0.0450341010982,-0.0434078431728,10.9742300031,6.23058344231,6.26121381984,0.0,0.148185117729,-0.187784219847,1.99873074535,-0.0866098221239,-0.0202452885316,0.0,490.4001362484779,490.58046727066727,489.60741141158,491.6479853319493
1.0800000000000005,0.0544195070605,-0.055868621868,11.0987538651,6.22506548809,6.25956754398,0.0,0.164805093,-0.228145548076,2.15174790022,-0.105708315113,-0.0484485668846,0.0,459.3664671534078,457.1243602523781,457.80815303212955,456.2790021509304
1.1400000000000006,0.0648201373099,-0.0708156044899,11.2314032836,6.2193614392,6.25693906088,0.0,0.182165250984,-0.270698018326,2.26962001368,-0.0795161896951,-0.0358518618093,0.0,446.8604136676333,447.8849285995978,446.5705481677791,448.6938554529697
1.2000000000000006,0.0764402176572,-0.0887361695886,11.3758320645,6.21513676515,6.2554748661,0.0,0.205377885906,-0.327186703724,2.54404863875,-0.0565897644385,-0.00798151944525,0.0,493.64131435690933,495.693427234158,493.4361962083029,495.1222686064166
1.2600000000000007,0.0892923247542,-0.109677701363,11.5298509072,6.21167193231,6.2553119795,0.0,0.223050350333,-0.37118083394,2.58977732007,-0.0601677836594,0.00615412744831,0.0,425.9381994683983,427.14542187969414,426.3908245923516,426.08257934590614
1.3200000000000007,0.103240254406,-0.133420444573,11.6879138753,6.20788056883,6.25650735498,0.0,0.241785903103,-0.420601605134,2.67874758688,-0.0700419858063,0.0386560929094,0.0,440.6042535737222,443.283166701488,439.7154776011782,438.8937368535841
1.3800000000000008,0.118264975693,-0.160161188191,11.8506970853,6.20402346107,6.25916688953,0.0,0.258787163516,-0.471137056607,2.74716135684,-0.0547301615783,0.0537603762961,0.0,433.72243581787353,434.9902709008156,434.16784172962485,435.447384616354
1.4400000000000008,0.134320186675,-0.190233144604,12.0203974239,6.20043775859,6.26219037353,0.0,0.276025502901,-0.531611795173,2.90908030559,-0.0724303571948,0.0426222294826,0.0,465.3544392922323,464.48322944649243,463.98529066070404,462.5911253740918
1.5000000000000009,0.151313368367,-0.223895970677,12.1983312215,6.19616331761,6.2644533224,0.0,0.290152104394,-0.590908834229,3.02170485167,-0.0689627880603,0.0254476177486,0.0,450.798915175235,449.4096070843313,449.6391486849393,449.91614634262345
1.560000000000001,0.169118767355,-0.261248371776,12.3834864383,6.19178361625,6.26567304428,0.0,0.303203786446,-0.65459475742,3.14973286807,-0.0826053961707,0.00736781031584,0.0,456.1331972058176,454.68701151083116,455.9990137438041,454.9037966223546
1.620000000000001,0.187641301011,-0.302289301837,12.5738183994,6.18644958916,6.26588311239,0.0,0.314178265623,-0.713906813169,3.19447490785,-0.106066061007,-0.00564354870642,0.0,430.3574144049456,429.25459929255766,431.0905656284657,429.0963102781352
1.680000000000001,0.206873685864,-0.34729908507,12.7699107615,6.1804680719,6.26619388529,0.0,0.32688742441,-0.787050934726,3.34142003887,-0.0892962464129,0.0209383387933,0.0,461.2121291570032,463.3068346864418,462.0729505886915,463.3848237580433
1.740000000000001,0.226800774424,-0.39648644795,12.9715348507,6.17542105736,6.26717037204,0.0,0.337238846488,-0.853002537367,3.37919404934,-0.0753785757565,0.00476961209772,0.0,429.39092851148456,428.0169508688383,429.16133919522895,430.3349354983566
1.8000000000000012,0.24733328543,-0.449725338116,13.1754256002,6.17146292586,6.26784800438,0.0,0.347127388554,-0.922010653471,3.41697848818,-0.0517930883755,0.0218976233966,0.0,428.67241282287625,430.12538977764643,428.8838118092554,430.8788322234817
1.8600000000000012,0.268492956678,-0.50755803839,13.3849535148,6.16807343186,6.26994737462,0.0,0.357989038826,-1.00605534663,3.56675238514,-0.0680999761861,0.0530710790469,0.0,464.07630608111634,466.51728451792775,465.7202574916799,464.44088623591426
1.9200000000000013,0.290212690552,-0.570179145229,13.6005723841,6.16379131416,6.27394054184,0.0,0.365645075454,-1.08170152026,3.62029587299,-0.0788683140268,0.0850069129485,0.0,434.18294953838426,436.85734506210923,437.5615600079715,436.6600645024775
1.9800000000000013,0.312329430422,-0.637755761389,13.8221188733,6.15908203029,6.27987071087,0.0,0.370959726723,-1.17131720032,3.76401877161,-0.0777386552116,0.117616554541,0.0,464.28681604449974,466.84583856220127,464.3943150069876,464.47829425646887
2.0400000000000014,0.334619400892,-0.710393684649,14.0489178511,6.15449842286,0.00364070808375,0.0,0.371385671471,-1.25036968003,3.79574893376,-0.0738317952257,0.112299891087,0.0,432.220008846563,431.7840960129395,429.8713713885297,430.1975016507636
2.1000000000000014,0.356772820863,-0.788655657973,14.2836984188,6.15009270764,0.0113967516156,0.0,0.366157087391,-1.35880600741,4.02933414584,-0.0726345585801,0.150814714039,0.0,492.01208405397045,494.8681108359727,492.5180518217567,492.60298060617544
2.1600000000000015,0.378491953236,-0.872694910086,14.526234337,6.14571060887,0.0203783517583,0.0,0.356982683857,-1.44290059677,4.05499407244,-0.0738476320126,0.147353622701,0.0,430.51326210922826,430.24214505395366,432.6896442076053,432.5831988676434
2.2200000000000015,0.39937646373,-0.962596735451,14.7755545048,6.14114772343,0.0290486852331,0.0,0.338148186334,-1.55425957791,4.25478357568,-0.0808555587178,0.138103748968,0.0,485.6891864114801,485.0124362550563,486.0403565630532,485.5107760298493
2.2800000000000016,0.419137644283,-1.05830267086,15.029957777,6.1368459551,0.0374888027043,0.0,0.319851661551,-1.63634416904,4.22530718844,-0.0578112748338,0.145354620854,0.0,414.5867209744219,415.2432798605233,415.17478173553536,417.1874049846095
2.3400000000000016,0.437534202722,-1.15945885709,15.2856315708,6.1329239744,0.0469732939107,0.0,0.29246907106,-1.73585730062,4.29672982919,-0.0881226469225,0.175776606464,0.0,446.9949911718428,449.4902234599727,450.2384782851144,447.7756608401249
2.4000000000000017,0.45406362303,-1.26675994367,15.5461294184,6.12797392555,0.0573053705337,0.0,0.257466770434,-1.84131496562,4.38597890004,-0.0731354157028,0.163883248572,0.0,456.2220597375745,455.298929131948,453.9617466141485,455.15741381491466
2.4600000000000017,0.468379465732,-1.38023505775,15.8103297829,6.12355734366,0.0671438514414,0.0,0.218818854016,-1.9415872527,4.42036705978,-0.0745749920403,0.164156675599,0.0,439.2213895536815,439.27005361477904,438.6690853490114,438.54521613597467
2.520000000000002,0.479942583047,-1.50038590498,16.0800982692,6.11912529604,0.0770671497353,0.0,0.165569175555,-2.06383941924,4.57105447193,-0.0724894230546,0.167741199919,0.0,475.3340445109096,475.63282939904263,475.99350750987793,476.149244443389
2.580000000000002,0.488231230892,-1.62767081747,16.3570491078,6.11426377051,0.0881095149423,0.0,0.109669291975,-2.17938949878,4.66000477197,-0.109489534849,0.205018379823,0.0,458.3313361785281,461.31504480090615,459.1655951230963,456.21468018097215
2.640000000000002,0.492982669152,-1.76190380466,16.6387324651,6.10750179119,0.100098599214,0.0,0.047544275704,-2.2956398771,4.72880154294,-0.120041308553,0.186615983664,0.0,454.7672330302364,453.3284897287314,454.1483108426966,453.2899751757687
2.700000000000002,0.493543872044,-1.90363906452,16.9266690255,6.10095961413,0.111321341711,0.0,-0.0299871014602,-2.42948689178,4.86806628775,-0.0930937065714,0.187890291744,0.0,476.9075485599819,477.036238497702,475.78998950229504,477.838877303248
2.760000000000002,0.489248876575,-2.05347416305,17.222517576,6.09539658244,0.122587028479,0.0,-0.114306647546,-2.56549583203,4.99258093464,-0.0919751419005,0.187502911884,0.0,475.06904902824976,475.07110266740466,473.9012267732954,473.98054315491737
2.820000000000002,0.48055201565,-2.21024173608,17.5187099759,6.08997417327,0.133562578545,0.0,-0.176435342798,-2.66058111114,4.88067823039,-0.0873506103478,0.17170919739,0.0,399.2341157536485,397.8265910102061,398.8934085592802,399.3077168415326
2.880000000000002,0.467643219553,-2.37326235848,17.8105088955,6.08480231735,0.143772086029,0.0,-0.254710717933,-2.77390210115,4.84572861464,-0.083987357496,0.166866124017,0.0,424.725010953548,424.33860448931785,426.01115586800785,426.29220850769957
2.940000000000002,0.449089062482,-2.54422550286,18.1053657364,6.0794180856,0.153457963741,0.0,-0.364714084755,-2.92529108717,4.98172077583,-0.104856210914,0.147431276618,0.0,481.23255726496944,479.78137548026785,481.06900828532116,479.4796843384895
3.000000000000002,0.424787870626,-2.72301816036,18.4016690886,6.07284140595,0.162315245191,0.0,-0.446022745817,-3.03502515385,4.89502613204,-0.121389647077,0.147998374887,0.0,409.9150458941652,409.9878889858739,411.61121007897066,410.1332265341325
3.0600000000000023,0.394868574201,-2.90927325515,18.6962969951,6.06565012455,0.171198474867,0.0,-0.552046953576,-3.17409575866,4.92520954981,-0.116951782176,0.148164368919,0.0,449.5913566720827,449.6250948615696,450.28449509056645,450.6306816003791
3.1200000000000023,0.358429542305,-3.10400128499,18.9926192926,6.05861471203,0.180575306275,0.0,-0.663365804263,-3.31743243694,4.95148572665,-0.117873558376,0.168908877863,0.0,448.30516102901987,450.01032592998956,451.4818977603131,451.39541267420753
3.1800000000000024,0.315569791433,-3.30693563381,19.2881351544,6.05167890071,0.190818176423,0.0,-0.766111544054,-3.44764127322,4.89869840201,-0.111397055175,0.174096535942,0.0,425.31611831200973,425.7896065935125,425.2376407595787,425.7795618161816
3.2400000000000024,0.266131462444,-3.51809128427,19.5816386774,6.04540016949,0.201815946669,0.0,-0.882721385301,-3.59142179758,4.88416526902,-0.093748135945,0.197217168948,0.0,439.30376921283283,441.2494001648659,437.6655280667638,439.12234700020895
3.3000000000000025,0.208748054212,-3.73884757856,19.8777243055,6.03950906465,0.213655280147,0.0,-1.03111985718,-3.76754493646,4.9840862289,-0.108985941793,0.197531166797,0.0,477.66056745222375,477.7196090233613,477.7861839932091,476.61515364185345
3.3600000000000025,0.143512800227,-3.96886256469,20.1739429962,6.03301568016,0.226173417673,0.0,-1.14433518936,-3.90018264272,4.88961279578,-0.106740662232,0.224673551999,0.0,414.5349966460574,416.95891798122074,415.96131376431856,416.14675348293673
3.4200000000000026,0.0704763699572,-4.2078122742,20.4678013756,6.02659472343,0.239973024161,0.0,-1.2913561991,-4.06529962918,4.90469738025,-0.107571792581,0.238922687949,0.0,453.65188420751986,454.8458583069383,453.8687483832542,453.7922357504788
3.4800000000000026,-0.0119592625343,-4.45712064783,20.7637027687,6.02012605478,0.254449532397,0.0,-1.45772799445,-4.24543679071,4.95739665051,-0.108293775685,0.245599400558,0.0,468.05197744189786,468.6262354990411,468.5219382596438,468.45622752135665
3.5400000000000027,-0.105480938754,-4.71817715447,21.065638432,6.01388883094,0.269104524218,0.0,-1.66096794391,-4.45680780153,5.10515213894,-0.0964492844715,0.24141035637,0.0,501.2325955163336,500.98029753877336,499.8020693326925,500.65656305720574
3.6000000000000028,-0.209948787631,-4.9905372638,21.3708253415,6.00861031093,0.283992472906,0.0,-1.82244556928,-4.62227637129,5.0668839878,-0.0749053567708,0.258979636206,0.0,444.61889564174857,446.11734739470353,444.5648364797887,446.3203643833119
3.660000000000003,-0.323642004271,-5.27225524222,21.6712516978,6.00459642442,0.299767706545,0.0,-1.96849622512,-4.76872585302,4.94694883625,-0.0543959689443,0.269808866935,0.0,417.6749908942793,418.6927419113454,418.29595477832487,420.0748300103913
3.720000000000003,-0.446120860093,-5.56264505183,21.9637365483,6.00185668094,0.315702727506,0.0,-2.11531208149,-4.91129114677,4.80229357759,-0.032277131224,0.255432885014,0.0,411.0489335532611,409.8499334254086,409.6155101989123,411.57677605936897
3.780000000000003,-0.578067907194,-5.862014341,22.2487275925,5.99984938888,0.33122598466,0.0,-2.28407521677,-5.06792878684,4.69688643899,-0.035920450984,0.264585480718,0.0,425.39019483055324,426.24376141372665,425.5601139333909,425.2475634438908
3.840000000000003,-0.721160642742,-6.17146478975,22.5294543282,5.99769070501,0.346881125914,0.0,-2.48687522715,-5.24722732584,4.65962143028,-0.0360935150914,0.252358440745,0.0,451.277435948883,450.3565060460902,451.23337163594755,451.21884268668674
3.900000000000003,-0.876455419167,-6.49154587284,22.8072012445,5.99615135611,0.362289704942,0.0,-2.6907437667,-5.42229492343,4.59767060639,-0.0103190438263,0.264471603459,0.0,444.16290520636755,445.2214244565652,444.06133943927125,446.1708929655503
3.960000000000003,-1.04443410836,-6.82231824705,23.0815940241,5.99591023472,0.378325794187,0.0,-2.90971795196,-5.60347946679,4.54769487071,0.0062851082528,0.27233409732,0.0,450.93966829457895,451.6452249905251,450.6653910891337,452.005873128368
4.020000000000002,-1.22422827931,-7.16285998695,23.3490372062,5.99630949134,0.394681253467,0.0,-3.08459623499,-5.74814764645,4.36683836827,0.00738259831752,0.273098702309,0.0,404.7477869819924,404.899659335206,406.57031440868406,406.66855753019325
4.080000000000001,-1.41569607043,-7.51276454057,23.6077297311,5.9967160625,0.411186717884,0.0,-3.29883653415,-5.91542376459,4.25545806539,0.00553487159086,0.278796317162,0.0,432.5252463008327,433.08360718363355,432.80828782820896,432.65260184869675
4.14,-1.61931733917,-7.87212038816,23.8575276064,5.99747967036,0.427840449552,0.0,-3.4897183781,-6.06332965411,4.07076549919,0.0242055058847,0.274978569667,0.0,406.3801224210403,406.12358278383095,406.7213994530343,408.3905465517676
4.199999999999998,-1.83889759684,-8.24300751064,24.1050762719,5.99897425227,0.444659785105,0.0,-3.83072975409,-6.29909565877,4.17841808697,0.026281988642,0.289281925377,0.0,510.3689598871923,511.45704750971595,510.21969156583214,510.36795645667473
4.259999999999997,-2.07876070388,-8.6277077691,24.3577803203,6.00117780426,0.462117531055,0.0,-4.16582385681,-6.52379649848,4.24273998046,0.0520687347281,0.294120316349,0.0,501.7776122901529,502.20410908511684,501.189905018148,503.06142243827276
4.319999999999996,-2.33620198438,-9.02426997492,24.6086126034,6.00464529042,0.479366316686,0.0,-4.41673631694,-6.69487920384,4.11735879787,0.0672994830046,0.268967715239,0.0,442.61851455024066,440.6266732434959,440.76006530211487,442.01966139676205
4.379999999999995,-2.60802203273,-9.43060767534,24.8500601233,6.00821722411,0.495109262606,0.0,-4.64505906164,-6.84980100729,3.93036236005,0.0356691769532,0.244092435215,0.0,421.0276737788772,418.94226110695683,422.06786721097575,419.3307554954796
4.439999999999993,-2.89662489328,-9.84769514004,25.0852470459,6.00996877165,0.509877883276,0.0,-4.97582465585,-7.05289708382,3.90732434341,0.0112875255496,0.249951864901,0.0,482.0705191174742,482.5685561244081,483.1250601244983,481.2829208300981
4.499999999999992,-3.20339513608,-10.2760525487,25.3155222086,6.01060991521,0.524675758696,0.0,-5.25075097217,-7.22580370204,3.76732957582,0.0094541170701,0.239007176233,0.0,444.63913730684766,443.8021693727739,445.12981462172405,444.9795841812432
4.559999999999991,-3.52561652911,-10.7142454195,25.53513326,6.01082907717,0.539713465111,0.0,-5.49094262993,-7.38092240603,3.55232635674,-0.0116691942722,0.267204983073,0.0,416.2281664189682,418.75556048160905,420.2093664234597,418.3736026289218
4.6199999999999894,-3.86249133384,-11.1618261578,25.7417517514,6.0096506103,0.555476775873,0.0,-5.73920578179,-7.53876560216,3.33404893013,-0.0446431756984,0.251801417368,0.0,420.05758045417736,418.7930164281553,420.5615641164836,417.69465877342566
4.679999999999988,-4.21631807481,-11.6197576331,25.9379532883,6.00644408431,0.570963015247,0.0,-6.05572804266,-7.72585168359,3.20418336129,-0.0838176378725,0.268391249755,0.0,456.0312303723062,457.41940837191737,458.2519132787374,455.1240060002682
4.739999999999987,-4.59232830885,-12.0902629757,26.1305181924,6.00113277876,0.586693355097,0.0,-6.47826675003,-7.95774896587,3.2113321377,-0.100143595152,0.24534105754,0.0,512.5949692558792,511.01262713362223,510.51298077265204,509.3408929163104
4.799999999999986,-4.99117862864,-12.5736357177,26.319163276,5.99495485505,0.601011104621,0.0,-6.8171733894,-8.15503390613,3.07459824855,-0.109303100807,0.219806056675,0.0,467.2676016023392,465.3252993350289,467.9177467467617,467.1952300702997
4.859999999999984,-5.40889608912,-13.0682821137,26.4970049364,5.98839729441,0.614453040405,0.0,-7.10727304686,-8.33369349376,2.85185818328,-0.109271857525,0.231357956604,0.0,438.7645522869354,439.7731086030869,438.5482450428678,438.54013228150745
4.919999999999983,-5.8453208659,-13.5742423454,26.6627612155,5.98224564836,0.629010466325,0.0,-7.44058612766,-8.53205054832,2.67116947858,-0.0916392268067,0.258828982208,0.0,459.3845815053305,461.6139985404397,459.43006784617006,460.81755377443017
4.979999999999982,-6.30103022774,-14.0918597555,26.8161957908,5.97648847966,0.64430022494,0.0,-7.75023179209,-8.7222952143,2.44138511209,-0.10638421812,0.245331326464,0.0,447.87748192996435,446.8425229721065,446.275798858032,445.0622240594983
5.0399999999999805,-6.77662194085,-14.6214672312,26.9569724198,5.97046075379,0.658904140099,0.0,-8.10304851227,-8.93165414758,2.2487089119,-0.0906811768523,0.239231475991,0.0,466.82919383368727,466.40895199611316,466.7630206338677,467.97903200856877
